================================
Entrada matrizes/matriz_1.txt;
——————————–
18.000000 27.000000 33.000000 10.000000 35.000000 34.000000 10.000000 20.000000 30.000000 3.000000 
4.000000 65.000000 64.000000 15.000000 20.000000 30.000000 77.000000 87.000000 97.000000 55.000000 
70.000000 80.000000 90.000000 10.000000 29.000000 30.000000 71.000000 81.000000 91.000000 23.000000 
41.000000 51.000000 61.000000 80.000000 26.000000 34.000000 57.000000 67.000000 106.000000 34.000000 
71.000000 81.000000 91.000000 109.000000 20.000000 30.000000 71.000000 81.000000 91.000000 1.000000 
47.000000 57.000000 67.000000 106.000000 20.000000 33.000000 71.000000 81.000000 91.000000 45.000000 
77.000000 87.000000 97.000000 15.000000 20.000000 12.000000 57.000000 67.000000 106.000000 3.000000 
67.000000 54.000000 53.000000 110.000000 20.000000 30.000000 90.000000 10.000000 20.000000 30.000000 
22.000000 12.000000 543.000000 13.000000 20.000000 34.000000 77.000000 87.000000 97.000000 55.000000 
13.000000 34.000000 46.000000 10.000000 20.000000 30.000000 77.000000 87.000000 97.000000 89.000000 
——————————–
12.000000 22.000000 32.000000 34.000000 56.000000 76.000000 43.000000 21.000000 19.000000 12.000000 
42.000000 52.000000 62.000000 72.000000 82.000000 13.000000 23.000000 33.000000 31.000000 17.000000 
72.000000 82.000000 92.000000 11.000000 21.000000 31.000000 34.000000 12.000000 32.000000 43.000000 
40.000000 50.000000 70.000000 80.000000 94.000000 13.000000 23.000000 33.000000 34.000000 54.000000 
43.000000 53.000000 63.000000 70.000000 80.000000 90.000000 42.000000 46.000000 77.000000 58.000000 
73.000000 83.000000 93.000000 82.000000 92.000000 11.000000 21.000000 31.000000 13.000000 23.000000 
10.000000 20.000000 30.000000 10.000000 20.000000 30.000000 40.000000 50.000000 90.000000 89.000000 
72.000000 82.000000 13.000000 23.000000 33.000000 31.000000 12.000000 56.000000 45.000000 36.000000 
70.000000 80.000000 11.000000 21.000000 36.000000 94.000000 40.000000 50.000000 60.000000 53.000000 
72.000000 82.000000 13.000000 23.000000 33.000000 32.000000 87.000000 13.000000 23.000000 31.000000 
——————————–
11969.000000 14169.000000 12282.000000 10216.000000 12822.000000 10232.000000 7032.000000 7818.000000 9381.000000 8739.000000 
28820.000000 33960.000000 20369.000000 16653.000000 22386.000000 21343.000000 18447.000000 19629.000000 24509.000000 23396.000000 
29085.000000 34835.000000 25280.000000 19433.000000 26518.000000 26151.000000 19441.000000 20719.000000 25677.000000 23753.000000 
29088.000000 34658.000000 24675.000000 21864.000000 28776.000000 24263.000000 18938.000000 20510.000000 24763.000000 24749.000000 
31200.000000 37660.000000 31543.000000 26334.000000 34537.000000 26044.000000 19526.000000 23352.000000 27926.000000 27967.000000 
31443.000000 37623.000000 27720.000000 24544.000000 32167.000000 24566.000000 20948.000000 22334.000000 26907.000000 27510.000000 
26928.000000 32338.000000 23994.000000 17939.000000 24863.000000 25964.000000 17632.000000 19380.000000 24044.000000 22016.000000 
19518.000000 24358.000000 25558.000000 21649.000000 27833.000000 16847.000000 17055.000000 15755.000000 20753.000000 22151.000000 
61510.000000 71110.000000 61959.000000 18886.000000 29287.000000 36889.000000 34326.000000 24064.000000 38520.000000 43292.000000 
28578.000000 33608.000000 17171.000000 14911.000000 20622.000000 22089.000000 20352.000000 18856.000000 23755.000000 22987.000000 
——————————–
298139.000000
354319.000000
270551.000000
192429.000000
259811.000000
234388.000000
193697.000000
192417.000000
246235.000000
246560.000000
——————————–
2488546.000000
——————————–
================================
================================
Entrada matrizes/matriz_2.txt;
——————————–
12.000000 22.000000 32.000000 34.000000 56.000000 76.000000 43.000000 21.000000 19.000000 12.000000 
42.000000 52.000000 62.000000 72.000000 82.000000 13.000000 23.000000 33.000000 31.000000 17.000000 
72.000000 82.000000 92.000000 11.000000 21.000000 31.000000 34.000000 12.000000 32.000000 43.000000 
40.000000 50.000000 70.000000 80.000000 94.000000 13.000000 23.000000 33.000000 34.000000 54.000000 
43.000000 53.000000 63.000000 70.000000 80.000000 90.000000 42.000000 46.000000 77.000000 58.000000 
73.000000 83.000000 93.000000 82.000000 92.000000 11.000000 21.000000 31.000000 13.000000 23.000000 
10.000000 20.000000 30.000000 10.000000 20.000000 30.000000 40.000000 50.000000 90.000000 89.000000 
72.000000 82.000000 13.000000 23.000000 33.000000 31.000000 12.000000 56.000000 45.000000 36.000000 
70.000000 80.000000 11.000000 21.000000 36.000000 94.000000 40.000000 50.000000 60.000000 53.000000 
72.000000 82.000000 13.000000 23.000000 33.000000 32.000000 87.000000 13.000000 23.000000 31.000000 
——————————–
22.000000 12.000000 543.000000 13.000000 20.000000 34.000000 77.000000 87.000000 97.000000 55.000000 
13.000000 34.000000 46.000000 10.000000 20.000000 30.000000 77.000000 87.000000 97.000000 89.000000 
12.000000 22.000000 32.000000 34.000000 56.000000 76.000000 43.000000 21.000000 19.000000 12.000000 
42.000000 52.000000 62.000000 72.000000 82.000000 13.000000 23.000000 33.000000 31.000000 17.000000 
72.000000 82.000000 92.000000 11.000000 21.000000 31.000000 34.000000 12.000000 32.000000 43.000000 
40.000000 50.000000 70.000000 80.000000 94.000000 13.000000 23.000000 33.000000 34.000000 54.000000 
43.000000 53.000000 63.000000 70.000000 80.000000 90.000000 42.000000 46.000000 77.000000 58.000000 
73.000000 83.000000 93.000000 82.000000 92.000000 11.000000 21.000000 31.000000 13.000000 23.000000 
10.000000 20.000000 30.000000 10.000000 20.000000 30.000000 40.000000 50.000000 90.000000 89.000000 
72.000000 82.000000 13.000000 23.000000 33.000000 31.000000 12.000000 56.000000 45.000000 36.000000 
——————————–
13870.000000 17142.000000 26520.000000 15806.000000 19728.000000 11709.000000 11579.000000 12183.000000 15170.000000 15192.000000 
16724.000000 20726.000000 45769.000000 15317.000000 20257.000000 15237.000000 17750.000000 17852.000000 21349.000000 18598.000000 
12722.000000 16484.000000 55373.000000 13060.000000 18372.000000 18582.000000 20970.000000 22912.000000 26342.000000 21770.000000 
20644.000000 25304.000000 47018.000000 17132.000000 22814.000000 17430.000000 18942.000000 20302.000000 23680.000000 20657.000000 
24801.000000 30744.000000 55791.000000 25167.000000 32374.000000 20794.000000 23007.000000 26371.000000 31671.000000 29763.000000 
19261.000000 23934.000000 65646.000000 17408.000000 23569.000000 19435.000000 23607.000000 23563.000000 26984.000000 22378.000000 
16578.000000 20488.000000 22897.000000 14537.000000 18877.000000 13969.000000 12598.000000 17674.000000 21285.000000 20024.000000 
15034.000000 18526.000000 57698.000000 13407.000000 17501.000000 11783.000000 18693.000000 22403.000000 25330.000000 22183.000000 
19732.000000 24362.000000 62895.000000 20231.000000 25679.000000 15820.000000 21658.000000 26866.000000 31273.000000 28801.000000 
14580.000000 18132.000000 57769.000000 14876.000000 19034.000000 17258.000000 20023.000000 23173.000000 28375.000000 23460.000000 
——————————–
173946.000000
215842.000000
497376.000000
166941.000000
218205.000000
162017.000000
188827.000000
213299.000000
251459.000000
222826.000000
——————————–
2310738.000000
——————————–
================================
================================
Entrada matrizes/matriz_3.txt;
——————————–
14.000000 74.000000 34.000000 44.000000 24.000000 64.000000 54.000000 80.000000 25.000000 36.000000 
45.000000 55.000000 65.000000 66.000000 85.000000 95.000000 86.000000 24.000000 34.000000 44.000000 
54.000000 64.000000 49.000000 84.000000 94.000000 15.000000 78.000000 12.000000 24.000000 64.000000 
84.000000 94.000000 15.000000 25.000000 36.000000 45.000000 55.000000 65.000000 66.000000 85.000000 
95.000000 14.000000 24.000000 78.000000 54.000000 64.000000 74.000000 84.000000 95.000000 25.000000 
34.000000 24.000000 14.000000 74.000000 34.000000 44.000000 14.000000 74.000000 34.000000 24.000000 
64.000000 54.000000 84.000000 94.000000 15.000000 25.000000 36.000000 45.000000 55.000000 65.000000 
66.000000 85.000000 95.000000 19.000000 24.000000 54.000000 64.000000 74.000000 94.000000 15.000000 
23.000000 35.000000 64.000000 54.000000 84.000000 94.000000 15.000000 25.000000 36.000000 45.000000 
55.000000 66.000000 85.000000 95.000000 17.000000 24.000000 34.000000 44.000000 54.000000 64.000000 
——————————–
40.000000 50.000000 70.000000 80.000000 94.000000 13.000000 23.000000 33.000000 34.000000 54.000000 
43.000000 53.000000 63.000000 70.000000 80.000000 90.000000 42.000000 46.000000 77.000000 58.000000 
73.000000 83.000000 93.000000 82.000000 92.000000 11.000000 21.000000 31.000000 13.000000 23.000000 
10.000000 20.000000 30.000000 10.000000 20.000000 30.000000 40.000000 50.000000 90.000000 89.000000 
72.000000 82.000000 13.000000 23.000000 33.000000 31.000000 12.000000 56.000000 45.000000 36.000000 
70.000000 80.000000 11.000000 21.000000 36.000000 94.000000 40.000000 50.000000 60.000000 53.000000 
72.000000 82.000000 13.000000 23.000000 33.000000 32.000000 87.000000 13.000000 23.000000 31.000000 
22.000000 12.000000 54.000000 13.000000 20.000000 34.000000 77.000000 87.000000 97.000000 55.000000 
13.000000 34.000000 46.000000 10.000000 20.000000 30.000000 77.000000 87.000000 97.000000 89.000000 
12.000000 22.000000 32.000000 34.000000 56.000000 76.000000 43.000000 21.000000 19.000000 12.000000 
——————————–
19277.000000 22442.000000 18464.000000 15180.000000 20238.000000 23230.000000 23083.000000 22257.000000 27607.000000 22733.000000 
30030.000000 35914.000000 22176.000000 21516.000000 28617.000000 27727.000000 26010.000000 25928.000000 30515.000000 28624.000000 
24107.000000 29511.000000 21090.000000 20501.000000 26904.000000 22333.000000 22357.000000 21949.000000 26593.000000 25392.000000 
21757.000000 26883.000000 24891.000000 22213.000000 29299.000000 28223.000000 27954.000000 26974.000000 32446.000000 28413.000000 
24013.000000 29448.000000 24178.000000 18508.000000 25326.000000 22763.000000 30901.000000 31707.000000 37450.000000 34441.000000 
13048.000000 15642.000000 14850.000000 10434.000000 14556.000000 15974.000000 17778.000000 20546.000000 25270.000000 21510.000000 
19861.000000 24936.000000 26492.000000 21771.000000 28167.000000 21523.000000 24071.000000 24523.000000 29824.000000 28017.000000 
26566.000000 32020.000000 29918.000000 24780.000000 31172.000000 24467.000000 29440.000000 29790.000000 34107.000000 30696.000000 
22903.000000 27549.000000 18154.000000 16544.000000 22321.000000 23043.000000 18208.000000 22904.000000 25706.000000 23140.000000 
19983.000000 25077.000000 26598.000000 21905.000000 28261.000000 22291.000000 24042.000000 24700.000000 30316.000000 28140.000000 
——————————–
221545.000000
269422.000000
226811.000000
193352.000000
254861.000000
231574.000000
243844.000000
251278.000000
299834.000000
271106.000000
——————————–
2463627.000000
——————————–
================================
================================
Entrada matrizes/matriz_4.txt;
——————————–
16.000000 26.000000 36.000000 16.000000 46.000000 56.000000 66.000000 16.000000 26.000000 36.000000 
46.000000 56.000000 66.000000 76.000000 86.000000 96.000000 16.000000 46.000000 56.000000 66.000000 
86.000000 17.000000 27.000000 37.000000 47.000000 57.000000 67.000000 77.000000 87.000000 97.000000 
67.000000 54.000000 53.000000 22.000000 12.000000 56.000000 18.000000 34.000000 46.000000 12.000000 
45.000000 37.000000 47.000000 57.000000 67.000000 77.000000 87.000000 97.000000 54.000000 54.000000 
22.000000 12.000000 43.000000 75.000000 34.000000 23.000000 12.000000 45.000000 67.000000 96.000000 
17.000000 27.000000 37.000000 47.000000 77.000000 87.000000 97.000000 67.000000 54.000000 53.000000 
22.000000 12.000000 99.000000 23.000000 34.000000 96.000000 12.000000 45.000000 67.000000 56.000000 
66.000000 76.000000 86.000000 96.000000 17.000000 27.000000 37.000000 47.000000 57.000000 67.000000 
87.000000 54.000000 53.000000 22.000000 12.000000 57.000000 13.000000 34.000000 96.000000 45.000000 
——————————–
70.000000 89.000000 90.000000 10.000000 29.000000 30.000000 71.000000 81.000000 91.000000 23.000000 
41.000000 51.000000 61.000000 80.000000 26.000000 34.000000 57.000000 67.000000 16.000000 34.000000 
71.000000 81.000000 91.000000 99.000000 20.000000 30.000000 71.000000 81.000000 91.000000 10.000000 
47.000000 57.000000 67.000000 16.000000 20.000000 33.000000 71.000000 81.000000 91.000000 45.000000 
77.000000 87.000000 97.000000 15.000000 20.000000 12.000000 57.000000 67.000000 10.000000 39.000000 
67.000000 54.000000 53.000000 90.000000 20.000000 30.000000 90.000000 10.000000 20.000000 30.000000 
22.000000 12.000000 54.000000 13.000000 20.000000 34.000000 77.000000 87.000000 97.000000 55.000000 
19.000000 34.000000 56.000000 10.000000 20.000000 30.000000 77.000000 87.000000 97.000000 89.000000 
73.000000 83.000000 93.000000 82.000000 92.000000 11.000000 21.000000 31.000000 13.000000 23.000000 
10.000000 20.000000 30.000000 10.000000 20.000000 30.000000 40.000000 50.000000 90.000000 89.000000 
——————————–
16802.000000 17818.000000 22762.000000 15300.000000 8972.000000 9294.000000 22272.000000 20632.000000 19716.000000 14662.000000 
32802.000000 37018.000000 42712.000000 28540.000000 16982.000000 16204.000000 38672.000000 36132.000000 33466.000000 25412.000000 
28069.000000 32567.000000 40224.000000 21065.000000 19120.000000 15918.000000 36223.000000 37083.000000 39361.000000 29206.000000 
20897.000000 23762.000000 27267.000000 20275.000000 11719.000000 10484.000000 24334.000000 23034.000000 21748.000000 13187.000000 
29240.000000 32839.000000 41755.000000 23979.000000 16955.000000 17095.000000 40899.000000 40189.000000 39771.000000 29717.000000 
19739.000000 23683.000000 28446.000000 16277.000000 13674.000000 11306.000000 24268.000000 26488.000000 28772.000000 21485.000000 
26770.000000 28947.000000 37375.000000 22619.000000 15463.000000 15115.000000 36811.000000 34611.000000 33513.000000 26664.000000 
25762.000000 28397.000000 32727.000000 27159.000000 14414.000000 12260.000000 29522.000000 25542.000000 26996.000000 18335.000000 
28010.000000 33238.000000 39855.000000 25770.000000 16674.000000 16631.000000 35684.000000 39014.000000 39413.000000 24247.000000 
26234.000000 30346.000000 34490.000000 24930.000000 17479.000000 12484.000000 27829.000000 27429.000000 26723.000000 17489.000000 
——————————–
254325.000000
288615.000000
347613.000000
225914.000000
151452.000000
136791.000000
316514.000000
310154.000000
309479.000000
220404.000000
——————————–
2561261.000000
——————————–
================================
================================
Entrada matrizes/matriz_5.txt;
——————————–
18.000000 28.000000 38.000000 48.000000 58.000000 68.000000 94.000000 15.000000 25.000000 35.000000 
78.000000 88.000000 98.000000 19.000000 29.000000 39.000000 94.000000 43.000000 21.000000 17.000000 
49.000000 59.000000 69.000000 79.000000 89.000000 35.000000 99.000000 54.000000 22.000000 12.000000 
18.000000 28.000000 38.000000 48.000000 58.000000 68.000000 94.000000 43.000000 11.000000 23.000000 
78.000000 88.000000 35.000000 98.000000 19.000000 29.000000 35.000000 55.000000 65.000000 54.000000 
66.000000 85.000000 95.000000 14.000000 24.000000 34.000000 54.000000 23.000000 12.000000 11.000000 
44.000000 54.000000 64.000000 74.000000 84.000000 94.000000 94.000000 15.000000 23.000000 19.000000 
15.000000 25.000000 35.000000 84.000000 94.000000 15.000000 87.000000 35.000000 32.000000 79.000000 
54.000000 84.000000 94.000000 15.000000 25.000000 36.000000 74.000000 84.000000 64.000000 23.000000 
45.000000 55.000000 66.000000 85.000000 95.000000 41.000000 24.000000 34.000000 44.000000 54.000000 
——————————–
72.000000 82.000000 13.000000 23.000000 33.000000 31.000000 12.000000 56.000000 45.000000 36.000000 
70.000000 80.000000 11.000000 21.000000 36.000000 94.000000 40.000000 50.000000 60.000000 53.000000 
72.000000 82.000000 13.000000 23.000000 33.000000 32.000000 87.000000 13.000000 23.000000 31.000000 
13.000000 34.000000 46.000000 10.000000 20.000000 30.000000 77.000000 87.000000 97.000000 89.000000 
12.000000 22.000000 32.000000 34.000000 56.000000 76.000000 43.000000 21.000000 19.000000 12.000000 
42.000000 52.000000 62.000000 72.000000 82.000000 13.000000 23.000000 33.000000 31.000000 17.000000 
72.000000 82.000000 92.000000 11.000000 21.000000 31.000000 34.000000 12.000000 32.000000 43.000000 
40.000000 50.000000 70.000000 80.000000 94.000000 13.000000 23.000000 33.000000 34.000000 54.000000 
43.000000 53.000000 63.000000 70.000000 80.000000 90.000000 42.000000 46.000000 77.000000 58.000000 
73.000000 83.000000 93.000000 82.000000 92.000000 11.000000 21.000000 31.000000 13.000000 23.000000 
——————————–
21166.000000 25964.000000 23844.000000 16078.000000 21244.000000 16882.000000 17722.000000 14398.000000 17128.000000 16541.000000 
31697.000000 37166.000000 22038.000000 17218.000000 23438.000000 22657.000000 22013.000000 17631.000000 20955.000000 21185.000000 
27301.000000 33840.000000 26225.000000 18222.000000 25471.000000 24745.000000 25450.000000 20842.000000 24625.000000 24449.000000 
20808.000000 25626.000000 23806.000000 16354.000000 21652.000000 15854.000000 17526.000000 14306.000000 16846.000000 16965.000000 
28473.000000 35111.000000 25538.000000 21924.000000 28372.000000 24815.000000 22850.000000 26004.000000 29058.000000 27487.000000 
25567.000000 29901.000000 14905.000000 13068.000000 18053.000000 18936.000000 18449.000000 14325.000000 16700.000000 16451.000000 
27218.000000 33682.000000 26832.000000 19384.000000 26372.000000 23702.000000 24634.000000 20570.000000 23916.000000 22245.000000 
23007.000000 28941.000000 28544.000000 19266.000000 25669.000000 20695.000000 21846.000000 18442.000000 20844.000000 21113.000000 
31662.000000 37357.000000 25429.000000 22660.000000 29246.000000 24795.000000 22863.000000 18781.000000 23129.000000 23516.000000 
24731.000000 31096.000000 23922.000000 21232.000000 28213.000000 24720.000000 24635.000000 21979.000000 24178.000000 22645.000000 
——————————–
261630.000000
318684.000000
241083.000000
185406.000000
247730.000000
217801.000000
217988.000000
187278.000000
217379.000000
212597.000000
——————————–
2307576.000000
——————————–
================================
================================
Entrada matrizes/matriz_6.txt;
——————————–
18.000000 27.000000 33.000000 10.000000 35.000000 34.000000 10.000000 20.000000 30.000000 30.000000 
48.000000 65.000000 64.000000 15.000000 20.000000 30.000000 77.000000 87.000000 97.000000 55.000000 
70.000000 89.000000 90.000000 10.000000 29.000000 30.000000 71.000000 81.000000 91.000000 23.000000 
41.000000 51.000000 61.000000 80.000000 26.000000 34.000000 57.000000 67.000000 16.000000 34.000000 
71.000000 81.000000 91.000000 99.000000 20.000000 30.000000 71.000000 81.000000 91.000000 10.000000 
47.000000 57.000000 67.000000 16.000000 20.000000 33.000000 71.000000 81.000000 91.000000 45.000000 
77.000000 87.000000 97.000000 15.000000 20.000000 12.000000 57.000000 67.000000 10.000000 39.000000 
67.000000 54.000000 53.000000 90.000000 20.000000 30.000000 90.000000 10.000000 20.000000 30.000000 
22.000000 12.000000 54.000000 13.000000 20.000000 34.000000 77.000000 87.000000 97.000000 55.000000 
19.000000 34.000000 56.000000 10.000000 20.000000 30.000000 77.000000 87.000000 97.000000 89.000000 
——————————–
18.000000 27.000000 33.000000 10.000000 35.000000 34.000000 10.000000 20.000000 30.000000 30.000000 
48.000000 65.000000 64.000000 15.000000 20.000000 30.000000 77.000000 87.000000 97.000000 55.000000 
70.000000 89.000000 90.000000 10.000000 29.000000 30.000000 71.000000 81.000000 91.000000 23.000000 
41.000000 51.000000 61.000000 80.000000 26.000000 34.000000 57.000000 67.000000 16.000000 34.000000 
71.000000 81.000000 91.000000 99.000000 20.000000 30.000000 71.000000 81.000000 91.000000 10.000000 
47.000000 57.000000 67.000000 16.000000 77.000000 87.000000 97.000000 89.000000 12.000000 34.000000 
41.000000 51.000000 61.000000 80.000000 26.000000 34.000000 57.000000 67.000000 16.000000 34.000000 
71.000000 81.000000 91.000000 99.000000 20.000000 30.000000 71.000000 81.000000 91.000000 10.000000 
47.000000 57.000000 67.000000 16.000000 20.000000 33.000000 71.000000 81.000000 91.000000 45.000000 
77.000000 87.000000 97.000000 15.000000 20.000000 12.000000 57.000000 67.000000 10.000000 39.000000 
——————————–
13973.000000 16911.000000 18715.000000 9434.000000 7565.000000 9050.000000 16785.000000 18643.000000 14925.000000 7690.000000 
30037.000000 36600.000000 40697.000000 22905.000000 14718.000000 18311.000000 35802.000000 40842.000000 34515.000000 18215.000000 
30421.000000 37624.000000 41395.000000 22586.000000 15736.000000 19693.000000 37052.000000 42352.000000 39100.000000 18931.000000 
24644.000000 30179.000000 33575.000000 23262.000000 13264.000000 16096.000000 29452.000000 33510.000000 24587.000000 14228.000000 
32134.000000 39899.000000 44355.000000 28520.000000 17514.000000 22117.000000 40210.000000 46120.000000 38920.000000 20973.000000 
28303.000000 34538.000000 38400.000000 21613.000000 14271.000000 17720.000000 33973.000000 38659.000000 32746.000000 17026.000000 
25518.000000 31733.000000 34405.000000 18355.000000 12764.000000 15038.000000 28734.000000 33328.000000 30089.000000 15023.000000 
21678.000000 27106.000000 30407.000000 20630.000000 13552.000000 16138.000000 27021.000000 31121.000000 20161.000000 15709.000000 
26431.000000 31689.000000 35693.000000 21654.000000 12714.000000 15817.000000 31025.000000 35123.000000 27700.000000 14358.000000 
29880.000000 35793.000000 40029.000000 22180.000000 13401.000000 16393.000000 34210.000000 38860.000000 30170.000000 16612.000000 
——————————–
263019.000000
322072.000000
357671.000000
211139.000000
135499.000000
166373.000000
314264.000000
358558.000000
292913.000000
158765.000000
——————————–
2580273.000000
——————————–
================================
================================
Entrada matrizes/matriz_7.txt;
——————————–
14.000000 74.000000 34.000000 44.000000 24.000000 64.000000 54.000000 84.000000 25.000000 36.000000 
45.000000 55.000000 65.000000 66.000000 85.000000 95.000000 10.000000 24.000000 34.000000 44.000000 
54.000000 64.000000 49.000000 84.000000 94.000000 15.000000 28.000000 32.000000 24.000000 64.000000 
49.000000 59.000000 69.000000 79.000000 89.000000 35.000000 99.000000 54.000000 22.000000 12.000000 
18.000000 28.000000 38.000000 48.000000 58.000000 68.000000 94.000000 43.000000 11.000000 23.000000 
78.000000 88.000000 35.000000 98.000000 19.000000 29.000000 35.000000 55.000000 65.000000 54.000000 
66.000000 85.000000 95.000000 14.000000 24.000000 34.000000 54.000000 23.000000 12.000000 11.000000 
44.000000 54.000000 64.000000 74.000000 84.000000 94.000000 94.000000 15.000000 23.000000 19.000000 
15.000000 25.000000 35.000000 84.000000 94.000000 15.000000 87.000000 35.000000 32.000000 79.000000 
54.000000 84.000000 94.000000 15.000000 25.000000 36.000000 74.000000 84.000000 64.000000 23.000000 
——————————–
45.000000 55.000000 66.000000 85.000000 95.000000 41.000000 24.000000 34.000000 44.000000 54.000000 
72.000000 82.000000 13.000000 23.000000 33.000000 31.000000 12.000000 56.000000 45.000000 36.000000 
70.000000 80.000000 11.000000 21.000000 36.000000 94.000000 40.000000 50.000000 60.000000 53.000000 
72.000000 82.000000 13.000000 23.000000 33.000000 32.000000 87.000000 13.000000 23.000000 31.000000 
13.000000 34.000000 46.000000 10.000000 20.000000 30.000000 77.000000 87.000000 97.000000 89.000000 
12.000000 22.000000 32.000000 34.000000 56.000000 76.000000 43.000000 21.000000 19.000000 12.000000 
42.000000 52.000000 62.000000 72.000000 82.000000 13.000000 23.000000 33.000000 31.000000 17.000000 
72.000000 82.000000 92.000000 11.000000 21.000000 31.000000 34.000000 12.000000 32.000000 43.000000 
40.000000 50.000000 70.000000 80.000000 94.000000 13.000000 23.000000 33.000000 34.000000 54.000000 
43.000000 53.000000 63.000000 70.000000 80.000000 90.000000 42.000000 46.000000 77.000000 58.000000 
——————————–
23450.000000 28244.000000 21078.000000 16366.000000 21934.000000 19927.000000 17197.000000 15595.000000 18526.000000 17458.000000 
22932.000000 29097.000000 20188.000000 18837.000000 25668.000000 26818.000000 24388.000000 21872.000000 25545.000000 24196.000000 
25110.000000 31224.000000 21223.000000 19241.000000 24842.000000 22880.000000 24187.000000 22499.000000 27167.000000 25827.000000 
27990.000000 34639.000000 24403.000000 21190.000000 27713.000000 22509.000000 24998.000000 23118.000000 26535.000000 25106.000000 
18985.000000 23913.000000 19441.000000 16699.000000 22039.000000 18390.000000 18697.000000 16217.000000 18789.000000 16835.000000 
30299.000000 36068.000000 24935.000000 24924.000000 31267.000000 22991.000000 22002.000000 19310.000000 23353.000000 23914.000000 
22345.000000 26789.000000 15877.000000 17149.000000 22260.000000 20584.000000 13694.000000 17698.000000 19390.000000 17830.000000 
24661.000000 31235.000000 22159.000000 22167.000000 29357.000000 25222.000000 25211.000000 22879.000000 25481.000000 23197.000000 
23226.000000 29270.000000 23427.000000 20706.000000 26199.000000 21070.000000 24496.000000 21226.000000 26208.000000 24009.000000 
29600.000000 35405.000000 26432.000000 23297.000000 29985.000000 24088.000000 17838.000000 20986.000000 24179.000000 23704.000000 
——————————–
248598.000000
305884.000000
219163.000000
200576.000000
261264.000000
224479.000000
212708.000000
201400.000000
235173.000000
222076.000000
——————————–
2331321.000000
——————————–
================================
================================
Entrada matrizes/matriz_8.txt;
——————————–
16.000000 26.000000 36.000000 16.000000 46.000000 56.000000 66.000000 16.000000 26.000000 36.000000 
46.000000 56.000000 66.000000 76.000000 86.000000 96.000000 16.000000 46.000000 56.000000 66.000000 
66.000000 85.000000 95.000000 14.000000 24.000000 34.000000 54.000000 23.000000 12.000000 11.000000 
44.000000 54.000000 64.000000 74.000000 84.000000 94.000000 94.000000 15.000000 23.000000 19.000000 
15.000000 25.000000 35.000000 84.000000 94.000000 15.000000 87.000000 35.000000 32.000000 79.000000 
54.000000 84.000000 94.000000 15.000000 25.000000 36.000000 74.000000 84.000000 64.000000 23.000000 
45.000000 55.000000 66.000000 85.000000 95.000000 41.000000 24.000000 34.000000 44.000000 54.000000 
72.000000 82.000000 13.000000 23.000000 33.000000 31.000000 12.000000 56.000000 45.000000 36.000000 
70.000000 80.000000 11.000000 21.000000 36.000000 94.000000 40.000000 50.000000 60.000000 53.000000 
72.000000 82.000000 13.000000 23.000000 33.000000 32.000000 87.000000 13.000000 23.000000 31.000000 
——————————–
13.000000 34.000000 46.000000 10.000000 20.000000 30.000000 77.000000 87.000000 97.000000 89.000000 
12.000000 22.000000 32.000000 34.000000 56.000000 76.000000 43.000000 21.000000 19.000000 12.000000 
42.000000 52.000000 62.000000 72.000000 82.000000 13.000000 23.000000 33.000000 31.000000 17.000000 
72.000000 82.000000 92.000000 11.000000 21.000000 31.000000 34.000000 12.000000 32.000000 43.000000 
40.000000 50.000000 70.000000 80.000000 94.000000 13.000000 23.000000 33.000000 34.000000 54.000000 
43.000000 53.000000 63.000000 70.000000 80.000000 90.000000 42.000000 46.000000 77.000000 58.000000 
17.000000 27.000000 37.000000 47.000000 77.000000 87.000000 97.000000 67.000000 54.000000 53.000000 
22.000000 12.000000 54.000000 12.000000 34.000000 59.000000 12.000000 45.000000 67.000000 56.000000 
66.000000 76.000000 86.000000 96.000000 17.000000 27.000000 37.000000 47.000000 57.000000 67.000000 
87.000000 54.000000 53.000000 22.000000 12.000000 54.000000 12.000000 34.000000 56.000000 45.000000 
——————————–
13754.000000 15462.000000 19470.000000 17994.000000 20368.000000 18390.000000 15120.000000 15000.000000 17684.000000 16524.000000 
27804.000000 30652.000000 38450.000000 29684.000000 31368.000000 27790.000000 21030.000000 23540.000000 31154.000000 29514.000000 
12471.000000 16444.000000 21611.000000 19052.000000 24416.000000 20454.000000 19468.000000 18777.000000 20601.000000 17828.000000 
21737.000000 26754.000000 33603.000000 28222.000000 34489.000000 28812.000000 25955.000000 23758.000000 28196.000000 27040.000000 
23652.000000 24730.000000 30961.000000 22333.000000 25751.000000 22745.000000 19674.000000 19379.000000 23345.000000 24058.000000 
18617.000000 22072.000000 30395.000000 25985.000000 28955.000000 27620.000000 23359.000000 24753.000000 28410.000000 25444.000000 
24458.000000 27381.000000 34345.000000 25425.000000 27787.000000 22146.000000 19157.000000 20331.000000 25669.000000 25504.000000 
14313.000000 16467.000000 22367.000000 15855.000000 17188.000000 20000.000000 16145.000000 17869.000000 22171.000000 20589.000000 
19677.000000 22318.000000 28985.000000 23309.000000 24563.000000 28814.000000 21909.000000 23449.000000 29683.000000 27001.000000 
12798.000000 16087.000000 20726.000000 16712.000000 21147.000000 23214.000000 22072.000000 19801.000000 21883.000000 20515.000000 
——————————–
189281.000000
218367.000000
280913.000000
224571.000000
256032.000000
239985.000000
203889.000000
206657.000000
248796.000000
234017.000000
——————————–
2302508.000000
——————————–
================================
================================
Entrada matrizes/matriz_9.txt;
——————————–
18.000000 28.000000 38.000000 48.000000 58.000000 68.000000 94.000000 15.000000 23.000000 35.000000 
78.000000 88.000000 98.000000 19.000000 29.000000 39.000000 94.000000 43.000000 21.000000 17.000000 
49.000000 59.000000 69.000000 79.000000 89.000000 35.000000 99.000000 54.000000 22.000000 12.000000 
18.000000 28.000000 38.000000 48.000000 58.000000 68.000000 94.000000 43.000000 11.000000 23.000000 
78.000000 88.000000 35.000000 98.000000 19.000000 29.000000 35.000000 55.000000 65.000000 54.000000 
66.000000 85.000000 95.000000 14.000000 24.000000 34.000000 54.000000 23.000000 12.000000 11.000000 
44.000000 54.000000 64.000000 74.000000 84.000000 94.000000 94.000000 15.000000 23.000000 15.000000 
15.000000 25.000000 35.000000 84.000000 94.000000 15.000000 53.000000 35.000000 32.000000 78.000000 
54.000000 84.000000 94.000000 15.000000 25.000000 36.000000 74.000000 84.000000 64.000000 23.000000 
45.000000 55.000000 66.000000 85.000000 95.000000 11.000000 24.000000 34.000000 44.000000 54.000000 
——————————–
28.000000 38.000000 48.000000 58.000000 68.000000 94.000000 43.000000 11.000000 23.000000 65.000000 
78.000000 88.000000 35.000000 98.000000 19.000000 29.000000 35.000000 55.000000 65.000000 54.000000 
66.000000 85.000000 95.000000 14.000000 24.000000 34.000000 54.000000 23.000000 12.000000 11.000000 
44.000000 54.000000 64.000000 74.000000 84.000000 94.000000 94.000000 15.000000 23.000000 15.000000 
15.000000 25.000000 35.000000 84.000000 94.000000 15.000000 53.000000 35.000000 32.000000 78.000000 
54.000000 84.000000 94.000000 15.000000 25.000000 36.000000 74.000000 84.000000 64.000000 23.000000 
45.000000 55.000000 66.000000 85.000000 95.000000 11.000000 24.000000 34.000000 44.000000 54.000000 
28.000000 38.000000 48.000000 58.000000 68.000000 94.000000 43.000000 11.000000 23.000000 65.000000 
78.000000 88.000000 35.000000 98.000000 19.000000 29.000000 35.000000 55.000000 65.000000 54.000000 
54.000000 84.000000 94.000000 15.000000 25.000000 36.000000 74.000000 84.000000 64.000000 23.000000 
——————————–
20184.000000 26836.000000 27967.000000 25403.000000 25114.000000 15997.000000 22720.000000 18640.000000 18218.000000 18006.000000 
26883.000000 34145.000000 32632.000000 31744.000000 27303.000000 23138.000000 24033.000000 18780.000000 20129.000000 23740.000000 
25560.000000 32791.000000 33457.000000 37320.000000 35781.000000 25919.000000 28987.000000 18789.000000 20491.000000 26382.000000 
19384.000000 25836.000000 27763.000000 25671.000000 26490.000000 17849.000000 22616.000000 17280.000000 17314.000000 18902.000000 
28622.000000 36157.000000 32113.000000 36266.000000 28209.000000 30999.000000 30165.000000 20980.000000 23138.000000 24043.000000 
22164.000000 28099.000000 26222.000000 24315.000000 19862.000000 18299.000000 19566.000000 15165.000000 15838.000000 18101.000000 
26514.000000 34880.000000 35733.000000 34021.000000 32778.000000 23129.000000 30418.000000 22758.000000 22632.000000 23942.000000 
20669.000000 27504.000000 28626.000000 28988.000000 28575.000000 20780.000000 27067.000000 18654.000000 18499.000000 20306.000000 
29163.000000 36719.000000 32999.000000 34209.000000 26567.000000 25183.000000 25067.000000 20392.000000 22099.000000 25524.000000 
24045.000000 31069.000000 29986.000000 32493.000000 28812.000000 24560.000000 28837.000000 18708.000000 19255.000000 22683.000000 
——————————–
243188.000000
314036.000000
307498.000000
310430.000000
279491.000000
225853.000000
259476.000000
190146.000000
197613.000000
221629.000000
——————————–
2549360.000000
——————————–
================================
================================
Entrada matrizes/matriz_10.txt;
——————————–
12.000000 22.000000 32.000000 34.000000 56.000000 76.000000 43.000000 21.000000 18.000000 12.000000 
42.000000 52.000000 62.000000 72.000000 82.000000 13.000000 23.000000 33.000000 31.000000 10.000000 
72.000000 82.000000 92.000000 11.000000 21.000000 31.000000 34.000000 12.000000 32.000000 43.000000 
40.000000 50.000000 70.000000 80.000000 94.000000 13.000000 23.000000 33.000000 34.000000 54.000000 
43.000000 53.000000 63.000000 70.000000 80.000000 90.000000 42.000000 45.000000 77.000000 57.000000 
73.000000 83.000000 93.000000 82.000000 92.000000 11.000000 21.000000 31.000000 13.000000 23.000000 
10.000000 20.000000 30.000000 10.000000 20.000000 30.000000 40.000000 50.000000 60.000000 89.000000 
72.000000 82.000000 13.000000 23.000000 33.000000 31.000000 31.000000 23.000000 45.000000 39.000000 
70.000000 80.000000 11.000000 21.000000 33.000000 90.000000 40.000000 50.000000 60.000000 56.000000 
72.000000 82.000000 13.000000 23.000000 33.000000 32.000000 87.000000 13.000000 23.000000 35.000000 
——————————–
40.000000 50.000000 70.000000 80.000000 94.000000 13.000000 23.000000 33.000000 34.000000 54.000000 
43.000000 53.000000 63.000000 70.000000 80.000000 90.000000 42.000000 45.000000 77.000000 57.000000 
73.000000 83.000000 93.000000 82.000000 92.000000 11.000000 21.000000 31.000000 13.000000 23.000000 
10.000000 20.000000 12.000000 22.000000 32.000000 34.000000 56.000000 76.000000 43.000000 21.000000 
42.000000 52.000000 62.000000 72.000000 82.000000 13.000000 23.000000 33.000000 31.000000 10.000000 
72.000000 82.000000 92.000000 11.000000 21.000000 31.000000 34.000000 12.000000 32.000000 43.000000 
40.000000 50.000000 70.000000 80.000000 94.000000 13.000000 23.000000 33.000000 34.000000 54.000000 
72.000000 82.000000 13.000000 23.000000 33.000000 31.000000 31.000000 23.000000 45.000000 39.000000 
70.000000 80.000000 11.000000 21.000000 33.000000 90.000000 40.000000 50.000000 60.000000 56.000000 
72.000000 82.000000 13.000000 23.000000 33.000000 32.000000 87.000000 13.000000 23.000000 35.000000 
——————————–
17282.000000 20542.000000 19711.000000 15317.000000 18833.000000 9942.000000 11052.000000 10680.000000 11911.000000 11749.000000 
19728.000000 23928.000000 21636.000000 23195.000000 27717.000000 14257.000000 14474.000000 17180.000000 16649.000000 14164.000000 
23906.000000 28206.000000 26495.000000 25796.000000 30584.000000 16006.000000 15360.000000 14376.000000 16679.000000 18053.000000 
24108.000000 29018.000000 23559.000000 25666.000000 30896.000000 16245.000000 19184.000000 18998.000000 18439.000000 16122.000000 
33552.000000 39752.000000 31401.000000 27929.000000 34623.000000 22927.000000 23758.000000 21809.000000 24116.000000 23262.000000 
24392.000000 29612.000000 29003.000000 31020.000000 36642.000000 16907.000000 18165.000000 20782.000000 20230.000000 17803.000000 
22358.000000 25948.000000 14137.000000 14307.000000 18217.000000 14108.000000 16353.000000 10567.000000 13537.000000 14655.000000 
20057.000000 23977.000000 20060.000000 20640.000000 25062.000000 17045.000000 15093.000000 13987.000000 17621.000000 17463.000000 
28551.000000 33661.000000 26379.000000 22828.000000 28498.000000 21426.000000 19938.000000 16214.000000 21987.000000 22664.000000 
19821.000000 23951.000000 23648.000000 24347.000000 29159.000000 15386.000000 14877.000000 14465.000000 17695.000000 18768.000000 
——————————–
233755.000000
278595.000000
236029.000000
231045.000000
280231.000000
164249.000000
168254.000000
159058.000000
178864.000000
174703.000000
——————————–
2104783.000000
——————————–
================================
================================
Entrada matrizes/matriz_11.txt;
——————————–
12.000000 322.000000 32.000000 34.000000 56.000000 76.000000 43.000000 217.000000 19.000000 12.000000 
42.000000 52.000000 62.000000 72.000000 82.000000 13.000000 23.000000 33.000000 31.000000 17.000000 
72.000000 82.000000 92.000000 11.000000 21.000000 31.000000 34.000000 12.000000 32.000000 43.000000 
40.000000 50.000000 70.000000 80.000000 94.000000 13.000000 23.000000 33.000000 34.000000 54.000000 
43.000000 53.000000 63.000000 72.000000 80.000000 90.000000 42.000000 46.000000 77.000000 58.000000 
73.000000 83.000000 93.000000 82.000000 92.000000 11.000000 21.000000 31.000000 13.000000 23.000000 
10.000000 20.000000 30.000000 10.000000 20.000000 30.000000 40.000000 50.000000 90.000000 89.000000 
72.000000 82.000000 13.000000 23.000000 33.000000 31.000000 12.000000 56.000000 45.000000 36.000000 
70.000000 80.000000 11.000000 21.000000 36.000000 94.000000 40.000000 50.000000 60.000000 53.000000 
72.000000 82.000000 13.000000 23.000000 343.000000 32.000000 87.000000 13.000000 23.000000 31.000000 
——————————–
22.000000 12.000000 543.000000 13.000000 20.000000 34.000000 77.000000 87.000000 97.000000 55.000000 
13.000000 34.000000 46.000000 10.000000 20.000000 30.000000 77.000000 87.000000 97.000000 89.000000 
12.000000 22.000000 32.000000 34.000000 56.000000 76.000000 43.000000 21.000000 19.000000 12.000000 
42.000000 52.000000 62.000000 72.000000 82.000000 13.000000 23.000000 33.000000 31.000000 17.000000 
72.000000 82.000000 92.000000 11.000000 21.000000 31.000000 34.000000 12.000000 32.000000 43.000000 
40.000000 50.000000 70.000000 80.000000 94.000000 13.000000 23.000000 33.000000 34.000000 54.000000 
43.000000 53.000000 63.000000 70.000000 80.000000 90.000000 42.000000 46.000000 77.000000 58.000000 
73.000000 83.000000 93.000000 82.000000 92.000000 11.000000 21.000000 31.000000 13.000000 23.000000 
10.000000 20.000000 30.000000 10.000000 20.000000 30.000000 40.000000 50.000000 90.000000 89.000000 
72.000000 82.000000 13.000000 253.000000 33.000000 31.000000 12.000000 56.000000 45.000000 36.000000 
——————————–
32078.000000 43610.000000 58548.000000 37638.000000 43760.000000 22865.000000 38795.000000 44359.000000 46818.000000 46400.000000 
16724.000000 20726.000000 45769.000000 19227.000000 20257.000000 15237.000000 17750.000000 17852.000000 21349.000000 18598.000000 
12722.000000 16484.000000 55373.000000 22950.000000 18372.000000 18582.000000 20970.000000 22912.000000 26342.000000 21770.000000 
20644.000000 25304.000000 47018.000000 29552.000000 22814.000000 17430.000000 18942.000000 20302.000000 23680.000000 20657.000000 
24885.000000 30848.000000 55915.000000 38651.000000 32538.000000 20820.000000 23053.000000 26437.000000 31733.000000 29797.000000 
19261.000000 23934.000000 65646.000000 22698.000000 23569.000000 19435.000000 23607.000000 23563.000000 26984.000000 22378.000000 
16578.000000 20488.000000 22897.000000 35007.000000 18877.000000 13969.000000 12598.000000 17674.000000 21285.000000 20024.000000 
15034.000000 18526.000000 57698.000000 21687.000000 17501.000000 11783.000000 18693.000000 22403.000000 25330.000000 22183.000000 
19732.000000 24362.000000 62895.000000 32421.000000 25679.000000 15820.000000 21658.000000 26866.000000 31273.000000 28801.000000 
36900.000000 43552.000000 86289.000000 25416.000000 25544.000000 26868.000000 30563.000000 26893.000000 38295.000000 36790.000000 
——————————–
214558.000000
